00010000000000010000000000000010
00010000000111011111111111111000
00001111111111010000000000000100
00001100001111010000000000000000
00011100001000100000000000000001
00000100010000000000000000000011
00010000000000110000000000000001
00010011101111010000000000001000
00101011111000000000000000000000
00010000001000011111111111111111
00100100000000000000000000000001 
00001000001111010000000000000000
00001011111111010000000000000100 
00010011101111010000000000001000
00000000011000010001100000000000    
00101011111000000000000000000000  